0
-1
1
-1
2
-1
3
-1
4
-1
5
4
6
4
7
-1
8
1
9
1
10
-1
11
1
12
1
13
4
14
-1
15
0
16
0
17
-1
18
0
19
3
20
-1
21
3
22
3
23
1
24
-1
25
1
26
1
27
1
28
1
29
-1
30
1
31
4
32
-1
33
2
34
0
35
0
36
-1
37
1
38
1
39
3
40
-1
41
1
42
-1
43
4
44
-1
45
1
46
-1
47
0
48
0
49
-1
50
0
51
0
52
1
53
1
54
-1
55
4
56
0
57
-1
58
0
59
0
60
3
61
3
62
3
63
-1
64
-1
65
4
66
-1
67
1
68
3
69
-1
70
3
71
3
72
3
73
-1
74
0
75
-1
76
1
77
4
78
-1
79
-1
80
-1
81
0
82
-1
83
3
84
3
85
3
86
-1
87
3
88
3
89
-1
90
2
91
1
92
1
93
1
94
1
95
1
96
-1
97
1
98
1
99
3
100
3
101
3
102
-1
103
3
104
1
105
3
106
-1
107
3
108
0
109
-1
110
4
111
-1
112
1
113
1
114
1
115
-1
116
4
117
2
118
0
119
-1
120
-1
121
0
122
0
123
-1
124
0
125
-1
126
3
127
3
128
3
129
3
130
3
131
4
132
3
133
-1
134
2
135
3
136
0
137
0
138
-1
139
0
140
3
141
-1
142
4
143
3
144
-1
145
3
146
3
147
4
148
2
149
2
150
0
151
1
152
-1
153
4
154
3
155
3
156
-1
157
3
158
3
159
3
160
4
161
3
162
3
163
3
164
-1
165
3
166
-1
167
1
168
1
169
4
170
-1
171
3
172
-1
173
0
174
-1
175
0
176
0
177
-1
178
0
179
0
180
-1
181
4
182
1
183
-1
184
4
185
1
186
1
187
-1
188
0
189
0
190
-1
191
0
192
3
193
3
194
3
195
3
196
-1
197
4
198
3
199
-1
200
1
201
1
202
1
203
-1
204
1
205
0
206
-1
207
3
208
-1
209
0
210
3
211
-1
212
4
213
1
214
1
215
-1
216
1
217
4
218
3
219
3
220
3
221
-1
222
4
223
1
224
1
225
-1
226
4
227
1
228
-1
229
2
230
3
231
3
232
3
233
3
234
-1
235
1
236
1
237
1
238
1
239
-1
240
4
241
1
242
1
243
1
244
1
245
-1
246
4
247
-1
248
1
249
3
250
-1
251
1
252
3
253
3
254
3
255
-1
256
3
257
1
258
-1
259
3
260
0
261
-1
262
-1
263
-1
264
-1
265
-1
266
-1
267
-1
268
1
269
-1
270
1
271
-1
272
3
273
3
274
-1
275
3
276
-1
277
0
278
3
279
3
280
-1
281
-1
282
1
283
0
284
-1
285
0
286
0
287
1
288
-1
289
4
290
-1
291
1
292
-1
293
3
294
3
295
-1
296
4
297
1
298
1
299
1
300
-1
301
4
302
-1
303
3
304
3
305
3
306
3
307
3
308
-1
309
4
310
1
311
-1
312
3
313
1
314
-1
315
1
316
-1
317
4
318
3
319
3
320
-1
321
4
322
1
323
1
324
-1
325
3
326
3
327
3
328
1
329
-1
330
0
331
3
332
3
333
3
334
-1
335
4
336
1
337
1
338
1
339
-1
340
1
341
-1
342
4
343
1
344
1
345
-1
346
3
347
3
348
3
349
-1
350
4
351
3
352
-1
353
3
354
-1
355
4
356
1
357
1
358
-1
359
-1
360
-1
361
-1
362
1
363
1
364
-1
365
3
366
3
367
3
368
3
369
3
370
3
371
3
372
3
373
3
374
-1
375
4
376
1
377
1
378
-1
379
4
380
2
381
3
382
-1
383
1
384
1
385
1
386
1
387
-1
388
0
389
0
390
-1
391
4
392
-1
393
1
394
1
395
1
396
1
397
1
398
4
399
3
400
3
401
3
402
-1
403
0
404
0
405
0
406
-1
407
4
408
1
409
1
410
-1
411
3
412
1
413
1
414
-1
415
4
416
1
417
2
418
2
419
1
420
2
421
2
422
0
423
0
424
-1
425
1
426
1
427
-1
428
4
429
3
430
3
431
3
432
-1
433
4
434
1
435
1
436
-1
437
3
438
1
439
-1
440
4
441
3
442
3
443
3
444
-1
445
3
446
4
447
3
448
-1
449
0
450
3
451
-1
452
4
453
-1
454
0
455
0
456
1
457
-1
458
-1
459
0
460
-1
461
-1
462
-1
463
-1
464
1
465
-1
466
0
467
3
468
3
469
3
470
3
471
-1
472
4
473
1
474
1
475
-1
476
4
477
3
478
3
479
3
480
-1
481
3
482
-1
483
-1
484
1
485
-1
486
4
487
1
488
1
489
-1
490
0
491
1
492
2
493
1
494
4
495
-1
496
0
497
1
498
-1
499
4
500
3
501
4
502
1
503
1
504
1
505
3
506
-1
507
-1
508
3
509
3
510
3
511
3
512
-1
513
-1
514
1
515
1
516
4
