0
-1
1
-1
2
3
3
3
4
3
5
3
6
3
7
4
8
3
9
3
10
3
11
3
12
-1
13
1
14
1
15
-1
16
4
17
0
18
-1
19
1
20
1
21
1
22
4
23
-1
24
0
25
0
26
-1
27
1
28
-1
29
4
30
0
31
-1
32
1
33
1
34
1
35
4
36
1
37
-1
38
-1
39
4
40
-1
41
3
42
3
43
-1
44
0
45
0
46
-1
47
0
48
3
49
3
50
-1
51
4
52
3
53
3
54
-1
55
0
56
4
57
-1
58
-1
59
1
60
1
61
1
62
-1
63
0
64
1
65
-1
66
4
67
3
68
3
69
3
70
3
71
-1
72
4
73
-1
74
-1
75
1
76
1
77
1
78
-1
79
4
80
-1
81
0
82
0
83
0
84
-1
85
1
86
-1
87
1
88
0
89
0
90
0
91
-1
92
1
93
1
94
1
95
4
96
3
97
3
98
3
99
-1
100
3
101
4
102
3
103
-1
104
0
105
-1
106
-1
107
0
108
1
109
1
110
-1
111
4
112
1
113
1
114
-1
115
-1
116
4
117
1
118
1
119
1
120
-1
121
4
122
2
123
2
124
0
125
1
126
-1
127
4
128
2
129
0
130
0
131
0
132
-1
133
3
134
-1
135
4
136
2
137
3
138
-1
139
4
140
3
141
3
142
-1
143
4
144
-1
145
2
146
0
147
-1
148
3
149
3
150
3
151
3
152
3
153
4
154
3
155
1
156
-1
157
4
158
2
159
3
160
4
161
2
162
1
163
4
164
3
165
3
166
-1
167
4
168
2
169
2
170
2
171
1
172
4
173
3
174
-1
175
0
176
0
177
3
178
3
179
-1
180
3
181
4
182
1
183
1
184
-1
185
1
186
-1
187
-1
188
0
189
0
190
-1
191
0
192
1
193
4
194
3
195
-1
196
-1
197
0
198
1
199
1
200
1
201
-1
202
4
203
0
204
-1
205
0
206
0
207
4
208
3
209
3
210
3
211
-1
212
1
213
1
214
-1
215
1
216
4
217
0
218
-1
219
1
220
1
221
1
222
1
223
4
224
-1
225
0
226
1
227
1
228
-1
229
1
230
4
231
3
232
-1
233
3
234
3
235
3
236
4
237
3
238
3
239
-1
240
-1
241
2
242
0
243
-1
244
0
245
-1
246
0
247
-1
248
1
249
0
250
-1
251
0
252
1
253
1
254
-1
255
4
256
3
257
-1
258
1
259
1
260
1
261
4
262
-1
263
3
264
3
265
3
266
3
267
3
268
4
269
3
270
-1
271
4
272
3
273
-1
274
2
275
2
276
0
277
0
278
-1
279
3
280
3
281
3
282
3
283
3
284
4
285
1
286
1
287
1
288
1
289
-1
290
4
291
3
292
3
293
-1
294
1
295
-1
296
1
297
3
298
-1
299
0
300
0
301
0
302
1
303
1
304
-1
305
1
306
1
307
1
308
4
309
3
310
3
311
3
312
-1
313
4
314
3
315
2
316
2
317
0
318
0
319
-1
320
1
321
4
322
3
323
-1
324
-1
325
0
326
0
327
3
328
-1
329
0
330
3
331
-1
332
4
333
-1
334
3
335
-1
336
4
337
1
338
-1
339
-1
340
1
341
1
342
1
343
-1
344
4
345
-1
346
0
347
-1
348
1
349
3
350
3
351
-1
352
3
353
3
354
3
355
4
356
2
357
2
358
1
359
-1
360
4
361
-1
362
1
363
4
364
3
365
3
366
-1
367
3
368
3
369
3
370
3
371
-1
372
4
373
3
374
3
375
-1
376
4
377
1
378
-1
379
1
380
-1
381
4
382
-1
383
0
384
-1
385
3
386
4
387
1
388
-1
389
-1
390
1
391
0
392
-1
393
-1
394
4
395
1
396
1
397
1
398
1
399
4
400
3
401
3
402
3
403
3
404
-1
405
4
406
-1
407
0
408
0
409
0
410
4
411
-1
412
0
413
0
414
-1
415
0
416
0
417
-1
418
0
419
-1
420
1
421
1
422
1
423
4
424
3
425
3
426
3
427
-1
428
4
429
1
430
1
431
-1
432
-1
433
1
434
4
435
0
436
-1
437
1
438
1
439
1
440
1
441
4
442
3
443
3
444
-1
445
1
446
-1
447
4
448
3
449
0
450
0
451
-1
452
3
453
3
454
-1
455
3
456
4
457
3
458
3
459
-1
460
3
461
3
462
3
463
4
464
3
465
-1
466
4
467
-1
468
-1
469
-1
470
1
471
0
472
-1
473
1
474
-1
475
2
476
2
477
2
478
0
479
0
480
-1
481
-1
482
3
483
3
484
3
485
-1
486
4
487
2
488
1
489
1
490
-1
491
3
492
1
493
4
494
1
495
-1
496
1
497
-1
498
4
499
-1
500
0
501
3
502
3
503
3
504
-1
505
3
506
3
507
3
508
4
509
-1
510
3
511
3
512
3
513
4
514
-1
515
0
516
-1
517
4
518
1
519
1
520
1
521
1
522
-1
523
4
524
0
525
-1
526
3
527
3
528
3
529
3
530
3
531
-1
532
4
533
-1
534
-1
535
0
536
-1
537
0
538
0
539
-1
540
1
541
-1
542
4
543
1
544
1
545
4
546
1
547
-1
548
1
549
1
550
1
551
-1
552
4
553
3
554
-1
555
3
556
3
557
-1
558
-1
559
0
560
-1
561
0
562
1
563
-1
564
4
565
-1
566
0
567
-1
568
0
569
-1
570
3
571
3
572
3
573
-1
574
4
575
2
576
2
577
2
578
2
579
2
580
4
581
1
582
-1
583
0
584
1
585
1
586
1
587
1
588
4
589
0
590
0
591
-1
592
1
593
4
594
-1
595
3
596
3
597
3
598
3
599
1
600
-1
601
1
602
1
603
-1
604
4
605
-1
606
0
607
1
608
-1
609
1
610
1
611
1
612
4
613
1
614
-1
615
-1
616
1
617
-1
618
4
619
3
620
-1
621
-1
622
0
623
3
624
3
625
-1
626
3
627
3
628
4
629
3
630
-1
631
3
632
4
633
4
634
3
635
-1
636
3
637
4
638
-1
639
0
640
1
641
1
642
1
643
1
644
-1
645
4
646
1
647
1
648
-1
649
4
650
-1
651
0
652
0
653
-1
654
0
655
4
656
3
657
-1
658
3
659
3
660
3
661
4
662
1
663
1
664
1
665
-1
666
1
667
4
668
3
669
-1
670
-1
671
1
672
1
673
1
674
-1
675
1
676
4
677
-1
678
3
679
-1
680
3
681
1
682
-1
683
4
684
1
685
1
686
-1
687
4
688
3
689
3
690
3
691
3
692
3
693
-1
694
1
695
1
696
1
697
1
698
1
699
1
700
-1
701
1
702
1
703
1
704
4
705
3
706
3
707
3
708
3
709
3
710
-1
711
-1
712
1
713
1
714
1
715
1
716
1
717
1
718
1
719
1
720
-1
721
4
722
3
723
3
724
-1
725
1
726
1
727
1
728
1
729
-1
730
4
731
3
732
3
733
3
734
-1
735
4
736
3
737
3
738
3
739
3
740
-1
741
4
742
3
743
-1
744
3
745
-1
746
1
747
3
748
0
749
-1
750
1
751
1
752
1
753
1
754
1
755
1
756
4
757
3
758
3
759
3
760
3
761
3
762
-1
763
4
764
3
765
-1
766
0
767
-1
768
3
769
3
770
3
771
4
772
1
773
-1
774
3
775
4
776
3
777
-1
778
0
779
3
780
-1
781
4
782
0
783
-1
784
0
785
0
786
1
787
-1
788
-1
789
-1
790
1
791
4
792
3
793
3
794
-1
795
4
796
1
797
1
798
-1
799
4
800
3
801
3
802
3
803
3
804
-1
805
3
806
4
807
3
808
-1
809
3
810
3
811
3
812
4
813
0
814
-1
815
4
816
3
817
3
818
-1
819
4
820
3
821
1
822
-1
823
1
824
1
825
4
826
3
827
-1
828
0
829
-1
830
0
831
0
832
0
833
3
834
-1
835
3
836
4
837
-1
838
0
839
-1
840
-1
841
-1
842
1
843
4
844
-1
845
0
846
0
847
0
848
1
849
1
850
1
851
-1
852
1
853
4
854
3
855
-1
856
1
857
1
858
1
859
1
860
4
861
0
862
3
863
-1
864
4
865
-1
866
0
867
-1
868
0
869
-1
870
4
871
3
872
3
873
-1
874
0
875
4
876
3
877
3
878
-1
879
1
880
0
881
0
882
-1
883
4
884
3
885
3
886
3
887
3
888
-1
889
4
890
3
891
3
892
3
893
-1
894
3
895
3
896
4
897
-1
898
1
899
1
900
-1
901
4
902
-1
903
-1
904
0
905
-1
906
-1
907
3
908
3
909
-1
910
3
911
3
912
4
913
-1
914
2
915
0
916
3
917
3
918
3
919
3
920
-1
921
4
922
2
923
0
924
-1
925
1
926
4
927
-1
928
0
929
0
930
0
931
-1
932
1
933
1
934
1
935
1
936
4
937
3
938
3
939
-1
940
1
941
-1
942
-1
943
1
944
1
945
1
946
1
947
1
948
4
949
3
950
-1
951
2
952
0
953
0
954
-1
955
0
956
3
957
-1
958
-1
959
-1
960
0
961
1
962
1
963
-1
964
-1
965
1
966
4
967
3
968
-1
969
0
970
-1
971
0
972
-1
973
4
974
-1
975
0
976
-1
977
4
978
1
979
1
980
-1
981
1
982
4
983
-1
984
3
985
-1
986
-1
987
-1
988
-1
989
4
990
1
991
-1
992
3
993
0
994
3
995
-1
996
3
997
3
998
3
999
3
1000
4
1001
3
1002
3
1003
3
1004
-1
1005
1
1006
4
1007
1
1008
1
1009
1
1010
-1
1011
4
1012
1
1013
4
1014
4
1015
1
1016
1
1017
-1
1018
4
1019
3
1020
-1
1021
0
1022
3
1023
3
1024
3
1025
4
1026
-1
1027
-1
1028
0
1029
-1
1030
-1
1031
4
1032
-1
1033
1
1034
1
1035
3
1036
3
1037
-1
1038
0
1039
3
1040
3
1041
-1
1042
4
1043
-1
1044
0
1045
3
1046
3
1047
-1
1048
4
1049
1
1050
-1
1051
0
1052
3
1053
3
1054
3
1055
3
1056
-1
1057
3
1058
4
1059
1
1060
-1
1061
0
1062
-1
1063
0
1064
0
1065
0
1066
-1
1067
0
1068
3
1069
3
1070
3
1071
3
1072
-1
1073
4
1074
2
1075
2
1076
2
1077
1
1078
0
1079
-1
1080
4
1081
1
1082
1
1083
1
1084
-1
1085
3
1086
0
1087
3
1088
3
1089
-1
1090
4
1091
1
1092
1
1093
-1
1094
3
1095
3
1096
0
1097
0
1098
-1
1099
3
1100
-1
1101
4
1102
1
1103
1
1104
1
1105
1
1106
1
1107
4
1108
1
1109
4
1110
1
1111
1
1112
1
1113
0
1114
0
1115
-1
1116
0
1117
1
1118
4
1119
1
1120
1
1121
-1
1122
0
1123
3
1124
3
1125
3
1126
3
1127
-1
1128
3
1129
3
1130
3
1131
4
1132
1
1133
1
1134
-1
1135
0
1136
-1
1137
-1
1138
1
1139
4
1140
-1
1141
0
1142
1
1143
-1
1144
1
1145
1
1146
1
1147
4
1148
-1
1149
0
1150
-1
1151
3
1152
3
1153
4
1154
0
1155
0
1156
-1
1157
1
1158
4
1159
1
1160
1
1161
-1
1162
0
1163
1
1164
1
1165
4
1166
3
1167
3
1168
-1
1169
3
1170
3
1171
3
1172
3
1173
-1
1174
4
1175
3
1176
3
1177
3
1178
-1
1179
1
1180
1
1181
1
1182
1
1183
4
1184
3
1185
0
1186
0
1187
-1
1188
0
1189
3
1190
4
1191
3
1192
3
1193
-1
1194
1
1195
-1
1196
4
1197
-1
1198
0
1199
0
1200
0
1201
3
1202
3
1203
-1
1204
3
1205
4
1206
1
1207
0
1208
1
1209
-1
1210
1
1211
1
1212
4
1213
3
1214
3
1215
-1
1216
3
1217
3
1218
1
1219
1
1220
1
1221
1
1222
1
1223
-1
1224
1
1225
1
1226
1
1227
4
1228
0
1229
-1
1230
0
1231
0
1232
1
1233
1
1234
-1
1235
4
1236
-1
1237
3
1238
3
1239
3
1240
3
1241
-1
1242
4
1243
-1
1244
1
1245
1
1246
-1
1247
0
1248
3
1249
3
1250
3
1251
-1
1252
1
1253
-1
1254
0
1255
0
1256
0
1257
-1
1258
3
1259
3
1260
3
1261
4
1262
0
1263
-1
1264
4
1265
1
1266
1
1267
1
1268
-1
1269
4
1270
0
1271
1
1272
-1
1273
1
1274
4
1275
3
1276
-1
1277
1
1278
3
1279
-1
1280
4
1281
4
1282
3
1283
3
1284
-1
1285
-1
1286
0
1287
-1
1288
-1
1289
1
1290
1
1291
1
1292
1
1293
1
1294
1
1295
-1
1296
4
1297
0
1298
-1
1299
1
1300
4
1301
3
1302
4
1303
3
1304
-1
1305
3
1306
0
1307
-1
1308
1
1309
1
1310
1
1311
1
1312
-1
1313
4
1314
3
1315
3
1316
0
1317
-1
1318
0
1319
0
1320
3
1321
3
1322
3
1323
4
1324
3
1325
3
1326
-1
1327
3
1328
-1
1329
0
1330
-1
1331
1
1332
1
1333
4
1334
3
1335
3
1336
3
1337
4
1338
3
1339
3
1340
3
1341
3
1342
-1
1343
4
1344
3
1345
3
1346
3
1347
1
1348
-1
1349
1
1350
1
1351
3
1352
-1
1353
4
1354
-1
1355
1
1356
-1
1357
2
1358
1
1359
-1
1360
3
1361
-1
1362
4
1363
3
1364
-1
1365
0
1366
0
1367
0
1368
1
1369
-1
1370
1
1371
1
1372
1
1373
1
1374
4
1375
3
1376
3
1377
3
1378
3
1379
3
1380
3
1381
-1
1382
4
1383
3
1384
3
1385
1
1386
1
1387
-1
1388
1
1389
1
1390
1
1391
1
1392
4
1393
3
1394
0
1395
-1
1396
0
1397
3
1398
3
1399
4
1400
3
1401
3
1402
3
1403
-1
1404
1
1405
3
1406
-1
1407
3
1408
4
1409
0
1410
-1
1411
0
1412
1
1413
1
1414
1
1415
-1
1416
-1
1417
0
1418
3
1419
3
1420
3
1421
4
1422
0
1423
1
1424
-1
1425
1
1426
1
1427
4
1428
-1
1429
-1
1430
0
1431
0
1432
3
1433
3
1434
-1
1435
3
1436
4
1437
-1
1438
0
1439
0
1440
1
1441
1
1442
1
1443
1
1444
-1
1445
4
1446
1
1447
4
1448
-1
1449
1
1450
-1
1451
1
1452
0
1453
1
1454
4
1455
2
1456
3
1457
4
1458
3
1459
3
1460
3
1461
3
1462
4
1463
-1
1464
0
1465
4
1466
1
1467
1
1468
-1
1469
4
1470
3
1471
3
1472
3
1473
3
1474
3
1475
3
1476
-1
1477
4
1478
3
1479
2
1480
0
1481
-1
1482
1
1483
4
1484
3
1485
3
1486
1
1487
1
1488
1
1489
-1
1490
1
1491
1
1492
1
1493
-1
1494
4
1495
-1
1496
3
1497
3
1498
-1
1499
4
1500
3
1501
3
1502
0
1503
3
1504
-1
1505
4
1506
-1
1507
0
1508
1
1509
1
1510
4
1511
-1
1512
0
1513
-1
1514
0
1515
0
1516
-1
1517
4
1518
-1
1519
4
1520
0
1521
-1
1522
1
1523
4
1524
3
1525
3
1526
3
1527
0
1528
0
1529
-1
1530
3
1531
4
1532
3
1533
3
1534
-1
1535
3
1536
3
1537
-1
1538
1
1539
4
1540
1
1541
1
1542
1
1543
4
1544
1
1545
1
1546
3
1547
-1
1548
1
1549
1
1550
-1
1551
3
1552
0
1553
3
1554
3
1555
-1
1556
3
1557
-1
1558
4
1559
-1
1560
1
1561
1
1562
4
1563
3
1564
-1
1565
3
1566
0
1567
-1
1568
-1
1569
1
1570
1
1571
1
1572
1
1573
1
1574
1
1575
-1
1576
4
1577
3
1578
-1
1579
2
1580
0
1581
-1
1582
0
1583
0
1584
-1
1585
-1
1586
1
1587
-1
1588
4
1589
3
1590
3
1591
0
1592
3
1593
-1
1594
3
1595
3
1596
4
1597
3
1598
3
1599
-1
1600
2
1601
0
1602
1
1603
1
1604
1
1605
1
1606
1
1607
-1
1608
4
1609
3
1610
-1
1611
0
1612
3
1613
3
1614
3
1615
3
1616
4
1617
3
1618
-1
1619
0
1620
3
1621
3
1622
3
1623
3
1624
-1
1625
4
1626
-1
1627
3
1628
0
1629
-1
1630
3
1631
3
1632
-1
1633
0
1634
0
1635
0
1636
-1
1637
1
1638
1
1639
1
1640
4
1641
-1
1642
0
1643
1
1644
1
1645
-1
1646
4
1647
3
1648
3
1649
1
1650
1
1651
-1
1652
1
1653
1
1654
1
1655
1
1656
4
1657
3
1658
-1
1659
0
1660
1
1661
-1
1662
1
1663
1
1664
1
1665
1
1666
-1
1667
4
1668
3
1669
-1
1670
1
1671
-1
1672
0
1673
1
1674
1
1675
1
1676
-1
1677
4
1678
3
1679
-1
1680
0
1681
3
1682
3
1683
3
1684
3
1685
4
1686
3
1687
0
1688
0
1689
-1
1690
3
1691
3
1692
4
1693
3
1694
2
1695
0
1696
3
1697
-1
1698
4
1699
3
1700
-1
1701
3
1702
3
1703
3
1704
3
1705
4
1706
3
1707
0
1708
0
1709
-1
1710
4
1711
0
1712
-1
1713
-1
1714
-1
1715
-1
1716
0
1717
3
1718
3
1719
-1
1720
-1
1721
0
1722
1
1723
1
1724
-1
1725
1
1726
3
1727
-1
1728
4
1729
3
1730
-1
1731
0
1732
0
1733
0
1734
-1
1735
1
1736
1
1737
1
1738
1
1739
1
1740
-1
1741
4
1742
-1
1743
0
1744
3
1745
-1
1746
3
1747
3
1748
4
1749
-1
1750
-1
1751
4
1752
-1
1753
1
1754
4
1755
0
1756
3
1757
3
1758
3
1759
-1
1760
4
1761
1
1762
1
1763
1
1764
-1
1765
1
1766
4
1767
-1
1768
0
1769
0
1770
-1
1771
4
1772
0
1773
-1
1774
0
1775
0
1776
-1
1777
0
1778
-1
1779
1
1780
1
1781
4
1782
3
1783
-1
1784
3
1785
3
1786
3
1787
-1
1788
1
1789
1
1790
1
1791
1
1792
1
1793
1
1794
-1
1795
4
1796
1
1797
-1
1798
1
1799
1
1800
4
1801
4
1802
3
1803
3
1804
-1
1805
-1
1806
-1
1807
0
1808
0
1809
0
1810
3
1811
-1
1812
-1
1813
4
1814
3
1815
3
1816
3
1817
3
1818
3
1819
-1
1820
4
1821
3
1822
0
1823
-1
1824
4
1825
3
1826
3
1827
-1
1828
1
1829
-1
1830
0
1831
3
1832
3
1833
-1
1834
4
1835
0
1836
-1
1837
1
1838
1
1839
1
1840
1
1841
4
1842
3
1843
3
1844
-1
1845
0
1846
0
1847
0
1848
-1
1849
1
1850
1
1851
4
1852
1
1853
1
1854
-1
1855
4
1856
3
1857
3
1858
3
1859
3
1860
4
1861
3
1862
-1
1863
1
1864
4
1865
0
1866
1
1867
-1
1868
1
1869
1
1870
1
1871
4
1872
3
1873
3
1874
-1
1875
2
1876
0
1877
3
1878
-1
1879
4
1880
3
1881
-1
1882
0
1883
0
1884
1
1885
1
1886
-1
1887
4
1888
3
1889
3
1890
3
1891
3
1892
3
1893
4
1894
3
1895
-1
1896
1
1897
1
1898
-1
1899
-1
1900
4
1901
3
1902
0
1903
-1
1904
4
1905
-1
1906
0
1907
0
1908
-1
1909
1
1910
0
1911
-1
1912
0
1913
1
1914
1
1915
1
1916
-1
1917
4
1918
0
1919
-1
1920
0
1921
3
1922
3
1923
3
1924
2
1925
4
1926
-1
1927
3
1928
0
1929
-1
1930
1
1931
1
1932
1
1933
3
1934
-1
1935
3
1936
3
1937
3
1938
0
1939
3
1940
3
1941
-1
1942
3
1943
4
1944
1
1945
1
1946
4
1947
3
1948
-1
1949
-1
1950
-1
1951
4
1952
3
1953
3
1954
3
1955
3
1956
-1
1957
-1
1958
-1
1959
1
1960
1
1961
0
1962
-1
1963
1
1964
1
1965
1
1966
4
1967
0
1968
-1
1969
0
1970
1
1971
1
1972
3
1973
3
1974
3
1975
-1
1976
0
1977
3
1978
3
1979
3
1980
-1
1981
4
1982
1
1983
1
1984
1
1985
1
1986
-1
1987
4
1988
3
1989
3
1990
4
1991
1
1992
1
1993
1
1994
1
1995
1
1996
-1
1997
4
1998
3
1999
3
2000
3
2001
3
2002
-1
2003
1
2004
0
2005
-1
2006
0
2007
0
2008
0
2009
0
2010
-1
2011
1
2012
1
2013
1
2014
4
2015
3
2016
3
2017
3
2018
-1
2019
0
2020
4
2021
1
2022
1
2023
3
2024
3
2025
-1
2026
0
2027
0
2028
-1
2029
3
2030
-1
2031
4
2032
-1
2033
0
2034
3
2035
3
2036
3
2037
-1
2038
1
2039
4
2040
0
2041
0
2042
-1
2043
0
2044
1
2045
1
2046
1
2047
4
2048
1
2049
-1
2050
4
2051
3
2052
3
2053
3
2054
3
2055
4
2056
1
2057
1
2058
1
2059
3
2060
-1
2061
4
2062
3
2063
0
2064
-1
2065
3
2066
3
2067
3
2068
4
2069
1
2070
1
2071
1
2072
0
2073
-1
2074
1
2075
4
2076
3
2077
3
2078
3
2079
-1
2080
3
2081
4
2082
1
2083
4
2084
3
2085
-1
2086
0
2087
0
2088
0
2089
4
2090
2
2091
0
2092
-1
2093
0
2094
0
2095
3
2096
-1
2097
4
2098
0
2099
0
2100
1
2101
-1
2102
1
2103
1
2104
1
2105
4
2106
-1
2107
0
2108
0
2109
0
2110
1
2111
-1
2112
4
2113
3
2114
-1
2115
0
2116
0
2117
3
2118
3
2119
3
2120
3
2121
-1
2122
4
2123
3
2124
-1
2125
4
2126
-1
2127
3
2128
3
2129
3
2130
3
2131
4
2132
2
2133
2
2134
0
2135
0
2136
-1
2137
0
2138
-1
2139
-1
2140
0
2141
-1
2142
4
2143
-1
2144
0
2145
1
2146
1
2147
1
2148
1
2149
-1
2150
4
2151
0
2152
-1
2153
1
2154
1
2155
1
2156
4
2157
3
2158
-1
2159
0
2160
-1
2161
-1
2162
1
2163
4
2164
0
2165
-1
2166
0
2167
0
2168
1
2169
1
2170
-1
2171
1
2172
1
2173
1
2174
4
2175
3
2176
3
2177
4
2178
1
2179
4
2180
-1
2181
-1
2182
3
2183
-1
2184
4
2185
-1
2186
3
2187
0
2188
0
2189
0
2190
-1
2191
3
2192
3
2193
3
2194
4
2195
1
2196
1
2197
1
2198
4
2199
3
2200
0
2201
0
2202
-1
2203
0
2204
0
2205
0
2206
-1
2207
1
2208
1
2209
1
2210
1
2211
1
2212
1
2213
4
2214
3
2215
3
2216
3
2217
-1
2218
4
2219
3
2220
3
2221
3
2222
3
2223
-1
2224
4
2225
0
2226
4
2227
-1
2228
0
2229
1
2230
1
2231
4
2232
3
2233
1
2234
1
2235
1
2236
1
2237
-1
2238
4
2239
3
2240
3
2241
-1
2242
1
2243
-1
2244
1
2245
1
2246
1
2247
-1
2248
4
2249
3
2250
-1
2251
3
2252
-1
2253
-1
2254
4
2255
-1
2256
3
2257
3
2258
-1
2259
1
2260
1
2261
3
2262
3
2263
3
2264
-1
2265
4
2266
-1
2267
0
2268
4
2269
2
2270
3
2271
3
2272
3
2273
-1
2274
4
2275
2
2276
3
2277
-1
2278
3
2279
3
2280
4
2281
-1
2282
0
2283
0
2284
0
2285
-1
2286
1
2287
1
2288
4
2289
-1
2290
0
2291
0
2292
-1
2293
0
2294
-1
2295
4
2296
-1
2297
0
2298
0
2299
-1
2300
0
2301
1
2302
1
2303
1
2304
-1
2305
4
2306
1
2307
1
2308
1
2309
1
2310
1
2311
4
2312
3
2313
3
2314
3
2315
3
2316
3
2317
3
2318
4
2319
3
2320
1
2321
1
2322
-1
2323
3
2324
-1
2325
4
2326
-1
2327
3
2328
1
2329
1
2330
-1
2331
1
2332
1
2333
4
2334
1
2335
1
2336
1
2337
1
2338
1
2339
4
2340
3
2341
0
2342
0
2343
0
2344
-1
2345
4
2346
0
2347
-1
2348
1
2349
1
2350
4
2351
-1
2352
-1
2353
0
2354
0
2355
0
2356
4
2357
-1
2358
4
2359
3
2360
3
2361
3
2362
-1
2363
4
2364
1
2365
-1
2366
-1
2367
0
2368
3
2369
3
2370
3
2371
-1
2372
4
2373
0
2374
-1
2375
-1
2376
1
2377
0
2378
-1
2379
0
2380
3
2381
-1
2382
0
2383
-1
2384
1
2385
1
2386
-1
2387
3
2388
3
2389
-1
2390
-1
2391
1
2392
1
2393
0
2394
-1
2395
0
2396
0
2397
0
2398
0
2399
-1
2400
1
2401
1
2402
4
2403
-1
2404
0
2405
0
2406
0
2407
1
2408
1
2409
1
2410
1
2411
-1
2412
4
2413
3
2414
-1
2415
0
2416
1
2417
-1
2418
4
2419
3
2420
-1
2421
0
2422
0
2423
0
2424
3
2425
-1
2426
4
2427
1
2428
1
2429
1
2430
-1
2431
4
2432
2
2433
2
2434
3
2435
3
2436
3
2437
0
2438
0
2439
-1
2440
-1
2441
-1
2442
-1
2443
1
2444
1
2445
1
2446
1
2447
-1
2448
4
2449
1
2450
1
2451
-1
2452
1
2453
1
2454
4
2455
2
2456
0
2457
0
2458
1
2459
-1
2460
-1
2461
-1
2462
-1
2463
3
2464
3
2465
3
2466
3
2467
3
2468
3
2469
4
2470
3
2471
-1
2472
0
2473
3
2474
3
2475
3
2476
3
2477
3
2478
-1
2479
4
2480
3
2481
4
2482
3
2483
3
2484
0
2485
0
2486
-1
2487
3
2488
-1
2489
3
2490
3
2491
4
2492
1
2493
1
2494
4
2495
3
2496
0
2497
0
2498
0
2499
-1
2500
4
2501
3
2502
-1
2503
-1
2504
3
2505
-1
2506
4
2507
1
2508
1
2509
-1
2510
1
2511
1
2512
4
2513
3
2514
-1
2515
1
2516
0
2517
0
2518
0
2519
0
2520
0
2521
-1
2522
3
2523
3
2524
3
2525
3
2526
3
2527
3
2528
4
2529
-1
2530
-1
2531
1
2532
1
2533
1
2534
1
2535
-1
2536
4
2537
-1
2538
0
2539
1
2540
3
2541
-1
2542
3
2543
3
2544
2
2545
0
2546
3
2547
-1
2548
4
2549
0
2550
0
2551
-1
2552
4
2553
1
2554
1
2555
-1
2556
4
2557
3
2558
4
2559
3
2560
3
2561
3
2562
3
2563
3
2564
4
2565
3
2566
-1
2567
-1
2568
3
2569
3
2570
3
2571
3
2572
4
2573
1
2574
1
2575
1
2576
-1
2577
1
2578
1
2579
4
2580
3
2581
0
2582
-1
2583
1
2584
-1
2585
4
2586
3
2587
-1
2588
1
2589
0
2590
1
2591
-1
2592
4
2593
0
2594
-1
2595
3
2596
3
2597
4
2598
0
2599
-1
2600
3
2601
3
2602
3
2603
0
2604
0
2605
0
2606
-1
2607
0
2608
3
2609
-1
2610
4
2611
-1
2612
0
2613
0
2614
3
2615
-1
2616
1
2617
1
2618
-1
2619
0
2620
4
2621
3
2622
3
2623
-1
2624
1
2625
1
2626
1
2627
1
2628
0
2629
-1
2630
0
2631
0
2632
1
2633
4
2634
3
2635
1
2636
3
2637
-1
2638
3
2639
4
2640
3
2641
4
2642
3
2643
3
2644
3
2645
3
2646
3
2647
4
2648
1
2649
1
2650
-1
2651
0
2652
0
2653
0
2654
0
2655
0
2656
1
2657
-1
2658
4
2659
0
2660
0
2661
4
2662
1
2663
0
2664
0
2665
-1
2666
0
2667
1
2668
1
2669
4
2670
3
2671
-1
2672
3
2673
3
2674
0
2675
3
2676
3
2677
3
2678
4
2679
1
2680
1
2681
1
2682
-1
2683
4
2684
3
2685
3
2686
-1
2687
4
2688
1
2689
1
2690
1
2691
1
2692
1
2693
4
2694
3
2695
1
2696
4
2697
-1
2698
1
2699
1
2700
1
2701
-1
2702
1
2703
1
2704
4
2705
3
2706
3
2707
-1
2708
0
2709
-1
2710
0
2711
1
2712
1
2713
-1
2714
4
2715
3
2716
3
2717
3
2718
3
2719
-1
2720
4
2721
0
2722
0
2723
-1
2724
0
2725
0
2726
0
2727
1
2728
-1
2729
0
2730
-1
2731
4
2732
3
2733
3
2734
1
2735
1
2736
-1
2737
1
2738
1
2739
1
2740
1
2741
4
2742
1
2743
1
2744
-1
2745
4
2746
3
2747
3
2748
3
2749
1
2750
-1
2751
1
2752
1
2753
1
2754
1
2755
1
2756
1
2757
2
2758
2
2759
2
2760
-1
2761
3
2762
3
2763
3
2764
-1
2765
4
2766
3
2767
3
2768
3
2769
3
2770
3
2771
4
2772
3
2773
3
2774
3
2775
-1
2776
4
2777
3
2778
4
2779
0
2780
-1
2781
3
2782
3
2783
3
2784
3
2785
4
2786
3
2787
-1
2788
0
2789
1
2790
4
2791
3
2792
-1
2793
3
2794
4
2795
1
2796
1
2797
4
2798
0
2799
0
2800
-1
2801
4
2802
3
2803
3
2804
0
2805
-1
2806
3
2807
3
2808
3
2809
4
2810
0
2811
1
2812
1
2813
1
2814
-1
2815
4
2816
3
2817
3
2818
3
2819
-1
2820
3
2821
4
2822
1
2823
4
2824
1
2825
1
2826
1
2827
1
2828
1
2829
-1
2830
4
2831
0
2832
0
2833
0
2834
-1
2835
4
2836
1
2837
1
2838
4
2839
3
2840
3
2841
3
2842
-1
2843
4
2844
0
2845
3
2846
3
2847
-1
2848
4
2849
-1
2850
3
2851
3
2852
3
2853
-1
2854
4
2855
-1
2856
0
2857
-1
2858
0
2859
-1
2860
4
2861
1
2862
-1
2863
3
2864
1
2865
0
2866
-1
2867
0
2868
4
2869
1
2870
1
2871
1
2872
-1
2873
4
2874
0
2875
0
2876
0
2877
-1
2878
3
2879
4
2880
3
2881
3
2882
3
2883
3
2884
3
2885
4
2886
1
2887
1
2888
1
2889
1
2890
1
2891
4
2892
3
2893
3
2894
3
2895
0
2896
3
2897
-1
2898
3
2899
4
2900
1
2901
3
2902
-1
2903
1
2904
1
2905
1
2906
-1
2907
3
2908
3
2909
3
2910
3
2911
3
2912
3
2913
3
2914
3
2915
3
2916
-1
2917
4
2918
2
2919
0
2920
3
2921
-1
2922
0
2923
1
2924
1
2925
1
2926
-1
2927
1
2928
4
2929
4
2930
3
2931
-1
2932
1
2933
1
2934
1
2935
4
2936
3
2937
3
2938
4
2939
3
2940
-1
2941
0
2942
3
2943
3
2944
3
2945
-1
2946
1
2947
2
2948
4
2949
3
2950
4
2951
0
2952
1
2953
1
2954
-1
2955
1
2956
4
2957
1
2958
-1
2959
3
2960
0
2961
3
2962
3
2963
3
2964
4
2965
1
2966
4
2967
0
2968
3
2969
3
2970
-1
2971
3
2972
4
2973
0
2974
0
2975
0
2976
1
2977
-1
2978
1
2979
1
2980
1
2981
1
2982
4
2983
0
2984
0
2985
0
2986
4
2987
4
2988
0
2989
1
2990
1
2991
4
2992
1
2993
1
2994
1
2995
4
2996
3
2997
0
2998
3
2999
3
3000
3
3001
3
3002
-1
3003
4
3004
0
3005
3
3006
-1
3007
4
3008
1
3009
1
3010
1
3011
1
3012
-1
3013
4
3014
0
3015
3
3016
-1
3017
3
3018
3
3019
3
3020
3
3021
4
3022
-1
3023
0
3024
0
3025
-1
3026
-1
3027
-1
3028
4
3029
0
3030
3
3031
3
3032
-1
3033
4
3034
0
3035
0
3036
1
3037
1
3038
-1
3039
4
3040
3
3041
0
3042
-1
3043
1
3044
1
3045
1
3046
-1
3047
3
3048
3
3049
3
3050
-1
3051
4
3052
1
3053
1
3054
4
3055
3
3056
3
3057
3
3058
-1
3059
1
3060
-1
3061
0
3062
0
3063
0
3064
-1
3065
0
3066
0
3067
1
3068
-1
3069
0
3070
0
3071
0
3072
-1
3073
1
3074
1
3075
1
3076
1
3077
1
3078
4
3079
-1
3080
0
3081
3
3082
3
3083
3
3084
3
3085
3
3086
4
3087
1
3088
1
3089
-1
3090
3
3091
4
3092
-1
3093
0
3094
0
3095
-1
3096
1
3097
4
3098
0
3099
3
3100
3
3101
-1
3102
3
3103
3
3104
3
3105
4
3106
-1
3107
0
3108
3
3109
-1
3110
-1
3111
1
3112
1
3113
1
3114
-1
3115
1
3116
4
3117
-1
3118
3
3119
0
3120
1
3121
1
3122
-1
3123
1
3124
3
3125
-1
3126
1
3127
-1
3128
3
3129
4
3130
3
3131
0
3132
-1
3133
1
3134
1
3135
0
3136
3
3137
-1
3138
3
3139
0
3140
3
3141
3
3142
3
3143
3
3144
4
3145
3
3146
-1
3147
1
3148
1
3149
1
3150
1
3151
1
3152
1
3153
-1
3154
4
3155
3
3156
3
3157
3
3158
4
3159
3
3160
-1
3161
2
3162
0
3163
-1
3164
4
3165
3
3166
-1
3167
3
3168
3
3169
4
3170
0
3171
0
3172
0
3173
0
3174
-1
3175
0
3176
3
3177
3
3178
4
3179
0
3180
-1
3181
4
3182
-1
3183
0
3184
3
3185
4
3186
0
3187
1
3188
1
3189
1
3190
-1
3191
4
3192
1
3193
0
3194
3
3195
-1
3196
1
3197
4
3198
1
3199
0
3200
-1
3201
0
3202
1
3203
-1
3204
4
3205
3
3206
3
3207
3
3208
0
3209
-1
3210
3
3211
3
3212
3
3213
4
3214
1
3215
1
3216
-1
3217
1
3218
1
3219
4
3220
1
3221
1
3222
1
3223
-1
3224
4
3225
-1
3226
0
3227
3
3228
3
3229
-1
3230
4
3231
3
3232
-1
3233
0
3234
1
3235
1
3236
0
3237
1
3238
-1
3239
1
3240
1
3241
4
3242
1
3243
3
3244
3
3245
-1
3246
0
3247
0
3248
3
3249
-1
3250
1
3251
0
3252
1
3253
-1
3254
1
3255
0
3256
3
3257
2
3258
3
3259
1
3260
1
3261
1
3262
4
3263
3
3264
3
3265
3
3266
3
3267
3
3268
-1
3269
1
3270
4
3271
0
3272
3
3273
-1
3274
3
3275
3
3276
4
3277
3
3278
4
3279
1
3280
0
3281
-1
3282
1
3283
4
3284
4
3285
0
3286
1
3287
1
3288
-1
3289
3
3290
-1
3291
-1
3292
-1
3293
3
3294
3
3295
0
3296
3
3297
-1
3298
3
3299
3
3300
4
3301
1
3302
1
3303
1
3304
0
3305
-1
3306
3
3307
3
3308
3
3309
-1
3310
-1
