0
0
1
1
2
1
3
1
4
-1
5
1
6
4
7
3
8
3
9
3
10
3
11
4
12
3
13
3
14
0
15
1
16
1
17
1
18
-1
19
0
20
3
21
3
22
3
23
0
24
-1
25
0
26
3
27
3
28
0
29
3
30
-1
31
4
32
3
33
1
34
1
35
1
36
1
37
1
38
-1
39
1
40
4
41
0
42
3
43
-1
44
3
45
4
46
3
47
0
48
-1
49
0
50
1
51
1
52
0
53
1
54
-1
55
1
56
0
57
0
58
0
59
1
60
4
61
1
62
1
63
1
64
1
65
1
66
-1
67
4
68
3
69
3
70
3
71
3
72
3
73
4
74
0
75
0
76
1
77
-1
78
3
79
-1
80
3
81
3
82
3
83
-1
84
4
85
3
86
3
87
1
88
-1
89
4
90
1
91
2
92
2
93
2
94
2
95
2
96
2
97
2
98
2
99
2
100
2
101
2
102
2
103
2
104
2
105
2
106
2
107
2
108
2
109
1
110
1
111
1
112
4
113
1
114
0
115
1
116
3
117
4
118
3
119
3
120
-1
121
4
122
3
123
-1
124
1
125
1
126
1
127
1
128
1
129
1
130
4
131
0
132
3
133
3
134
3
135
4
136
3
137
1
138
1
139
1
140
4
141
1
142
0
143
0
144
0
145
0
146
0
147
-1
148
3
149
4
150
3
151
-1
152
1
153
1
154
3
155
3
156
3
157
-1
158
3
159
3
160
3
161
4
162
0
163
1
164
3
165
3
166
-1
167
4
168
1
169
4
170
3
171
3
172
3
173
3
174
4
175
3
176
0
177
1
178
1
179
1
180
-1
181
4
182
3
183
0
184
0
185
0
186
-1
187
4
188
1
189
0
190
1
191
4
192
1
193
0
194
1
195
-1
196
4
197
1
198
1
199
0
200
1
201
-1
202
4
203
0
204
-1
205
0
206
1
207
0
208
1
209
-1
210
4
211
1
212
1
213
1
214
1
215
4
216
0
217
0
218
0
219
3
220
3
221
-1
222
3
223
3
224
3
225
4
226
3
227
0
228
0
229
-1
230
1
231
1
232
0
233
1
234
-1
235
1
236
-1
237
4
238
1
239
3
240
3
241
-1
242
3
243
0
244
3
245
3
246
3
247
4
248
3
249
3
250
3
251
4
252
-1
253
3
254
-1
255
3
256
3
257
-1
258
4
259
0
260
3
261
3
262
-1
263
2
264
2
265
2
266
2
267
2
268
2
269
2
270
2
271
2
272
2
273
3
274
3
275
4
276
3
277
3
278
3
279
-1
280
1
281
4
282
2
283
2
284
2
285
2
286
2
287
2
288
2
289
2
290
2
291
2
292
2
293
2
294
2
295
3
296
4
297
1
298
0
299
1
300
1
301
-1
302
4
303
-1
304
1
305
0
306
1
307
3
308
1
309
-1
310
3
311
3
312
1
313
3
314
-1
315
3
316
0
317
3
318
3
319
3
320
4
321
3
322
1
323
4
324
-1
325
2
326
2
327
2
328
2
329
2
330
2
331
2
332
2
333
2
334
2
335
2
336
0
337
2
338
0
339
0
340
2
341
0
342
3
343
0
344
0
345
1
346
3
347
4
348
3
349
1
350
1
351
1
352
-1
353
3
354
3
355
3
356
3
357
3
358
3
359
4
360
3
361
1
362
1
363
1
364
-1
365
1
366
1
367
1
368
3
369
3
370
3
371
3
372
3
373
-1
374
1
375
1
376
0
377
0
378
-1
379
3
380
3
381
3
382
3
383
3
384
3
385
4
386
0
387
-1
388
4
389
-1
390
3
391
3
392
3
393
3
394
4
395
0
396
1
397
4
398
1
399
-1
400
1
401
4
402
1
403
1
404
-1
405
4
406
3
407
-1
408
1
409
1
410
1
411
0
412
1
413
0
414
0
415
1
416
-1
417
4
418
3
419
4
420
3
421
0
422
0
423
0
424
-1
425
4
426
3
427
3
428
3
429
4
430
1
431
1
432
3
433
-1
434
3
435
0
436
1
437
0
438
1
439
-1
440
1
441
4
442
0
443
3
444
4
445
3
446
0
447
3
448
4
449
3
450
1
451
3
452
-1
453
1
454
1
455
1
456
1
457
3
458
3
459
3
460
4
461
3
462
0
463
3
464
4
465
4
466
1
467
1
468
4
469
1
470
1
471
1
472
1
473
1
474
0
475
0
476
3
477
-1
478
1
479
3
480
1
481
4
482
3
483
0
484
3
485
3
486
4
487
3
488
3
489
3
490
3
491
4
492
3
493
1
494
1
495
1
496
1
497
4
498
0
499
0
500
-1
501
0
502
1
503
4
504
1
505
1
506
1
507
3
508
-1
509
3
510
3
511
3
512
3
513
0
514
4
515
1
516
1
517
1
518
1
519
0
520
-1
521
0
522
1
523
4
524
3
525
3
526
3
527
3
528
4
529
0
530
1
531
1
532
1
533
0
534
-1
535
4
536
0
537
1
538
3
539
1
540
4
541
3
542
3
543
1
544
4
545
3
546
1
547
1
548
1
549
1
550
0
551
1
552
-1
553
4
554
1
555
1
556
3
557
3
558
3
559
3
560
-1
561
3
562
4
563
0
564
0
565
0
566
4
567
1
568
1
569
3
570
1
571
3
572
0
573
-1
574
1
575
3
576
1
577
1
578
1
579
1
580
4
581
3
582
3
583
3
584
0
585
3
586
0
587
1
588
-1
589
4
590
3
591
1
592
1
593
1
594
0
595
1
596
4
597
3
598
1
599
4
600
1
601
1
602
0
603
1
604
0
605
0
606
1
607
3
608
-1
609
1
610
3
611
4
612
3
613
3
614
3
615
3
616
0
617
3
618
0
619
-1
620
4
621
1
622
0
623
1
624
1
625
1
626
0
627
1
628
-1
629
0
630
3
631
3
632
3
633
3
634
3
635
-1
636
0
637
3
638
4
